2.000000	3.000000
2.004115	3.000000
2.006173	3.003564
2.008231	3.000000
2.012346	3.000000
2.014403	3.003564
2.012346	3.007127
2.016461	3.007127
2.018518	3.010691
2.020576	3.007127
2.024691	3.007128
2.022633	3.003564
2.024691	3.000000
2.028806	3.000000
2.030864	3.003564
2.032922	3.000000
2.037037	3.000000
2.039095	3.003564
2.037037	3.007128
2.041152	3.007127
2.043210	3.010691
2.041152	3.014255
2.037037	3.014255
2.039095	3.017819
2.037037	3.021383
2.041152	3.021383
2.043210	3.024947
2.045267	3.021383
2.049382	3.021383
2.051440	3.024947
2.049382	3.028511
2.053497	3.028510
2.055555	3.032074
2.057613	3.028510
2.061728	3.028510
2.059670	3.024947
2.061728	3.021383
2.065843	3.021383
2.067901	3.024947
2.069958	3.021383
2.074073	3.021383
2.072016	3.017819
2.074074	3.014255
2.069958	3.014255
2.067901	3.010691
2.069959	3.007127
2.074074	3.007128
2.072016	3.003564
2.074074	3.000000
2.078189	3.000000
2.080247	3.003564
2.082305	3.000000
2.086420	3.000000
2.088477	3.003564
2.086420	3.007127
2.090535	3.007127
2.092592	3.010691
2.094650	3.007127
2.098764	3.007127
2.096707	3.003564
2.098765	3.000000
2.102880	3.000000
2.104938	3.003564
2.106996	3.000000
2.111111	3.000000
2.113169	3.003564
2.111111	3.007128
2.115226	3.007127
2.117284	3.010691
2.115227	3.014255
2.111112	3.014256
2.113169	3.017819
2.111112	3.021383
2.115227	3.021383
2.117285	3.024947
2.119342	3.021383
2.123457	3.021383
2.125515	3.024947
2.123457	3.028511
2.127572	3.028510
2.129630	3.032074
2.127573	3.035638
2.123458	3.035638
2.125515	3.039201
2.123458	3.042765
2.119343	3.042765
2.117285	3.039202
2.115228	3.042766
2.111113	3.042766
2.113170	3.046330
2.111113	3.049893
2.115228	3.049893
2.117285	3.053457
2.115228	3.057021
2.111113	3.057021
2.113170	3.060584
2.111113	3.064148
2.115228	3.064148
2.117285	3.067712
2.119343	3.064148
2.123458	3.064148
2.125516	3.067712
2.123458	3.071275
2.127573	3.071275
2.129631	3.074839
2.131688	3.071275
2.135803	3.071275
2.133746	3.067712
2.135803	3.064148
2.139918	3.064148
2.141976	3.067712
2.144033	3.064148
2.148148	3.064148
2.150206	3.067712
2.148148	3.071275
2.152263	3.071275
2.154321	3.074839
2.152264	3.078403
2.148149	3.078403
2.150206	3.081967
2.148149	3.085531
2.152264	3.085531
2.154322	3.089095
2.156379	3.085531
2.160494	3.085531
2.162552	3.089095
2.160494	3.092658
2.164609	3.092658
2.166667	3.096222
2.168725	3.092658
2.172840	3.092659
2.170782	3.089095
2.172840	3.085531
2.176955	3.085531
2.179013	3.089094
2.181070	3.085530
2.185185	3.085530
2.183127	3.081966
2.185185	3.078403
2.181070	3.078403
2.179012	3.074839
2.181070	3.071275
2.185185	3.071275
2.183127	3.067712
2.185185	3.064148
2.189300	3.064148
2.191358	3.067712
2.193415	3.064148
2.197530	3.064148
2.199588	3.067712
2.197530	3.071275
2.201645	3.071275
2.203703	3.074839
2.205761	3.071275
2.209876	3.071275
2.207818	3.067712
2.209876	3.064148
2.213991	3.064148
2.216048	3.067712
2.218106	3.064148
2.222221	3.064148
2.220164	3.060584
2.222221	3.057021
2.218106	3.057021
2.216049	3.053457
2.218106	3.049893
2.222221	3.049893
2.220164	3.046330
2.222221	3.042766
2.218106	3.042766
2.216049	3.039202
2.213991	3.042765
2.209876	3.042765
2.207819	3.039201
2.209876	3.035638
2.205761	3.035638
2.203704	3.032074
2.205762	3.028510
2.209877	3.028510
2.207819	3.024947
2.209877	3.021383
2.213992	3.021383
2.216050	3.024946
2.218107	3.021382
2.222222	3.021382
2.220164	3.017818
2.222222	3.014255
2.218107	3.014255
2.216049	3.010691
2.218107	3.007127
2.222222	3.007128
2.220164	3.003564
2.222222	3.000000
2.226337	3.000000
2.228395	3.003564
2.230453	3.000000
2.234568	3.000000
2.236626	3.003564
2.234568	3.007127
2.238683	3.007127
2.240741	3.010691
2.242798	3.007127
2.246913	3.007127
2.244856	3.003564
2.246913	3.000000
2.251028	3.000000
2.253086	3.003564
2.255144	3.000000
2.259259	3.000000
2.261317	3.003564
2.259259	3.007127
2.263374	3.007127
2.265432	3.010691
2.263374	3.014255
2.259259	3.014255
2.261317	3.017819
2.259259	3.021383
2.263374	3.021383
2.265432	3.024947
2.267489	3.021383
2.271604	3.021383
2.273662	3.024947
2.271604	3.028510
2.275719	3.028510
2.277777	3.032074
2.279835	3.028510
2.283950	3.028511
2.281892	3.024947
2.283950	3.021383
2.288065	3.021383
2.290123	3.024947
2.292180	3.021383
2.296295	3.021383
2.294238	3.017819
2.296295	3.014255
2.292180	3.014255
2.290123	3.010691
2.292181	3.007127
2.296295	3.007127
2.294238	3.003564
2.296296	3.000000
2.300411	3.000000
2.302469	3.003564
2.304527	3.000000
2.308642	3.000000
2.310700	3.003564
2.308642	3.007128
2.312757	3.007127
2.314815	3.010691
2.316872	3.007127
2.320987	3.007127
2.318930	3.003564
2.320987	3.000000
2.325102	3.000000
2.327160	3.003564
2.329218	3.000000
2.333333	3.000000
2.335391	3.003564
2.333333	3.007127
2.337448	3.007127
2.339506	3.010691
2.337449	3.014255
2.333333	3.014256
2.335391	3.017819
2.333334	3.021383
2.337449	3.021383
2.339507	3.024947
2.341564	3.021383
2.345679	3.021383
2.347737	3.024947
2.345679	3.028510
2.349794	3.028510
2.351852	3.032074
2.349795	3.035638
2.345680	3.035638
2.347737	3.039201
2.345680	3.042765
2.341565	3.042765
2.339507	3.039202
2.337450	3.042766
2.333335	3.042766
2.335392	3.046330
2.333335	3.049893
2.337450	3.049893
2.339507	3.053457
2.337450	3.057021
2.333335	3.057021
2.335392	3.060584
2.333335	3.064148
2.337450	3.064148
2.339508	3.067712
2.341565	3.064148
2.345680	3.064148
2.347737	3.067712
2.345680	3.071275
2.349795	3.071275
2.351852	3.074839
2.353910	3.071275
2.358025	3.071275
2.355967	3.067712
2.358025	3.064148
2.362140	3.064148
2.364197	3.067712
2.366255	3.064148
2.370370	3.064148
2.372428	3.067712
2.370370	3.071275
2.374485	3.071275
2.376543	3.074839
2.374486	3.078403
2.370371	3.078403
2.372428	3.081967
2.370371	3.085531
2.374486	3.085531
2.376544	3.089095
2.378601	3.085531
2.382716	3.085531
2.384774	3.089095
2.382716	3.092659
2.386831	3.092658
2.388889	3.096222
2.386832	3.099786
2.382717	3.099786
2.384774	3.103349
2.382717	3.106913
2.378602	3.106913
2.376544	3.103350
2.374487	3.106914
2.370372	3.106914
2.372429	3.110477
2.370372	3.114041
2.374487	3.114041
2.376544	3.117604
2.374487	3.121168
2.370372	3.121168
2.372429	3.124732
2.370372	3.128296
2.366257	3.128296
2.364199	3.124733
2.362142	3.128297
2.358027	3.128297
2.355969	3.124733
2.358027	3.121170
2.353912	3.121170
2.351854	3.117606
2.349797	3.121170
2.345682	3.121170
2.347739	3.124733
2.345682	3.128297
2.341567	3.128297
2.339509	3.124734
2.337452	3.128298
2.333337	3.128298
2.335395	3.131862
2.333337	3.135425
2.337452	3.135425
2.339510	3.138989
2.337453	3.142553
2.333338	3.142553
2.335395	3.146116
2.333338	3.149680
2.337453	3.149680
2.339510	3.153243
2.341567	3.149680
2.345682	3.149680
2.347740	3.153244
2.345682	3.156807
2.349797	3.156807
2.351855	3.160371
2.349798	3.163935
2.345683	3.163935
2.347740	3.167498
2.345683	3.171062
2.341568	3.171062
2.339510	3.167499
2.337453	3.171063
2.333338	3.171063
2.335395	3.174627
2.333338	3.178190
2.337453	3.178190
2.339510	3.181754
2.337453	3.185318
2.333338	3.185318
2.335395	3.188881
2.333338	3.192445
2.337453	3.192445
2.339511	3.196009
2.341568	3.192445
2.345683	3.192445
2.347741	3.196009
2.345683	3.199572
2.349798	3.199572
2.351856	3.203136
2.353913	3.199572
2.358028	3.199572
2.355971	3.196009
2.358028	3.192445
2.362143	3.192445
2.364201	3.196009
2.366258	3.192445
2.370373	3.192445
2.372431	3.196009
2.370373	3.199572
2.374488	3.199572
2.376546	3.203136
2.374488	3.206700
2.370373	3.206700
2.372431	3.210263
2.370373	3.213827
2.374488	3.213827
2.376546	3.217391
2.378603	3.213827
2.382718	3.213827
2.384776	3.217391
2.382718	3.220954
2.386833	3.220954
2.388891	3.224518
2.390949	3.220954
2.395064	3.220954
2.393006	3.217391
2.395064	3.213827
2.399179	3.213827
2.401236	3.217390
2.403293	3.213827
2.407408	3.213827
2.405351	3.210263
2.407408	3.206700
2.403293	3.206700
2.401236	3.203136
2.403294	3.199572
2.407408	3.199572
2.405351	3.196009
2.407409	3.192445
2.411524	3.192445
2.413582	3.196009
2.415639	3.192445
2.419754	3.192445
2.421811	3.196009
2.419754	3.199572
2.423869	3.199572
2.425926	3.203136
2.427984	3.199572
2.432099	3.199573
2.430041	3.196009
2.432099	3.192445
2.436214	3.192445
2.438272	3.196009
2.440329	3.192445
2.444444	3.192445
2.446502	3.196009
2.444444	3.199573
2.448559	3.199572
2.450617	3.203136
2.448560	3.206700
2.444445	3.206700
2.446502	3.210264
2.444445	3.213828
2.448560	3.213828
2.450618	3.217392
2.452675	3.213828
2.456790	3.213828
2.458848	3.217392
2.456790	3.220956
2.460905	3.220955
2.462963	3.224519
2.460906	3.228083
2.456791	3.228083
2.458848	3.231646
2.456791	3.235210
2.452676	3.235210
2.450618	3.231647
2.448561	3.235211
2.444446	3.235211
2.446504	3.238775
2.444446	3.242338
2.448561	3.242338
2.450619	3.245902
2.448561	3.249466
2.444447	3.249466
2.446504	3.253029
2.444446	3.256593
2.448561	3.256593
2.450619	3.260157
2.452676	3.256593
2.456791	3.256593
2.458849	3.260157
2.456791	3.263721
2.460906	3.263720
2.462964	3.267284
2.465021	3.263720
2.469136	3.263720
2.467079	3.260157
2.469136	3.256593
2.473251	3.256593
2.475309	3.260157
2.477366	3.256593
2.481481	3.256593
2.483539	3.260157
2.481481	3.263720
2.485596	3.263720
2.487654	3.267284
2.485597	3.270848
2.481482	3.270849
2.483539	3.274412
2.481482	3.277976
2.485597	3.277976
2.487655	3.281540
2.489712	3.277976
2.493827	3.277976
2.495885	3.281540
2.493827	3.285103
2.497942	3.285103
2.500000	3.288667
2.502058	3.285103
2.506172	3.285103
2.504115	3.281540
2.506173	3.277976
2.510288	3.277976
2.512346	3.281540
2.514403	3.277976
2.518518	3.277976
2.516461	3.274412
2.518518	3.270848
2.514403	3.270848
2.512346	3.267284
2.514404	3.263720
2.518518	3.263720
2.516461	3.260157
2.518519	3.256593
2.522634	3.256593
2.524692	3.260157
2.526749	3.256593
2.530864	3.256593
2.532921	3.260157
2.530864	3.263720
2.534979	3.263720
2.537036	3.267284
2.539094	3.263720
2.543209	3.263721
2.541151	3.260157
2.543209	3.256593
2.547324	3.256593
2.549381	3.260157
2.551439	3.256593
2.555554	3.256593
2.553496	3.253029
2.555554	3.249466
2.551439	3.249466
2.549381	3.245902
2.551439	3.242338
2.555554	3.242338
2.553496	3.238775
2.555554	3.235211
2.551439	3.235211
2.549382	3.231647
2.547324	3.235210
2.543209	3.235210
2.541152	3.231646
2.543209	3.228083
2.539094	3.228083
2.537037	3.224519
2.539095	3.220955
2.543210	3.220956
2.541152	3.217392
2.543210	3.213828
2.547325	3.213828
2.549383	3.217392
2.551440	3.213828
2.555555	3.213828
2.553498	3.210264
2.555556	3.206700
2.551440	3.206700
2.549383	3.203136
2.551441	3.199572
2.555556	3.199573
2.553498	3.196009
2.555556	3.192445
2.559671	3.192445
2.561728	3.196009
2.563786	3.192445
2.567901	3.192445
2.569959	3.196009
2.567901	3.199573
2.572016	3.199572
2.574074	3.203136
2.576131	3.199572
2.580246	3.199572
2.578189	3.196009
2.580246	3.192445
2.584361	3.192445
2.586419	3.196009
2.588476	3.192445
2.592591	3.192445
2.594649	3.196009
2.592591	3.199572
2.596706	3.199572
2.598764	3.203136
2.596707	3.206700
2.592592	3.206700
2.594649	3.210263
2.592592	3.213827
2.596707	3.213827
2.598764	3.217390
2.600821	3.213827
2.604936	3.213827
2.606994	3.217391
2.604936	3.220954
2.609051	3.220954
2.611109	3.224518
2.613167	3.220954
2.617282	3.220954
2.615224	3.217391
2.617282	3.213827
2.621397	3.213827
2.623455	3.217391
2.625512	3.213827
2.629627	3.213827
2.627569	3.210263
2.629627	3.206700
2.625512	3.206700
2.623454	3.203136
2.625512	3.199572
2.629627	3.199572
2.627569	3.196009
2.629627	3.192445
2.633742	3.192445
2.635800	3.196009
2.637857	3.192445
2.641972	3.192445
2.644029	3.196009
2.641972	3.199572
2.646087	3.199572
2.648144	3.203136
2.650202	3.199572
2.654316	3.199572
2.652259	3.196009
2.654317	3.192445
2.658432	3.192445
2.660490	3.196009
2.662547	3.192445
2.666662	3.192445
2.664605	3.188881
2.666662	3.185318
2.662547	3.185318
2.660490	3.181754
2.662547	3.178190
2.666662	3.178190
2.664605	3.174627
2.666662	3.171063
2.662547	3.171063
2.660490	3.167499
2.658432	3.171062
2.654317	3.171062
2.652260	3.167498
2.654317	3.163935
2.650202	3.163935
2.648145	3.160371
2.650203	3.156807
2.654318	3.156807
2.652260	3.153244
2.654318	3.149680
2.658433	3.149680
2.660490	3.153243
2.662547	3.149680
2.666662	3.149680
2.664605	3.146116
2.666662	3.142553
2.662547	3.142553
2.660490	3.138989
2.662548	3.135425
2.666662	3.135425
2.664605	3.131862
2.666663	3.128298
2.662548	3.128298
2.660491	3.124734
2.658433	3.128297
2.654318	3.128297
2.652261	3.124733
2.654318	3.121170
2.650203	3.121170
2.648146	3.117606
2.646088	3.121170
2.641973	3.121170
2.644031	3.124733
2.641973	3.128297
2.637858	3.128297
2.635801	3.124733
2.633743	3.128296
2.629628	3.128296
2.627571	3.124732
2.629628	3.121168
2.625513	3.121168
2.623456	3.117604
2.625513	3.114041
2.629628	3.114041
2.627571	3.110477
2.629628	3.106914
2.625513	3.106914
2.623456	3.103350
2.621398	3.106913
2.617283	3.106913
2.615226	3.103349
2.617283	3.099786
2.613168	3.099786
2.611111	3.096222
2.613169	3.092658
2.617284	3.092659
2.615226	3.089095
2.617284	3.085531
2.621399	3.085531
2.623456	3.089095
2.625514	3.085531
2.629629	3.085531
2.627572	3.081967
2.629629	3.078403
2.625514	3.078403
2.623457	3.074839
2.625515	3.071275
2.629630	3.071275
2.627572	3.067712
2.629630	3.064148
2.633745	3.064148
2.635803	3.067712
2.637860	3.064148
2.641975	3.064148
2.644033	3.067712
2.641975	3.071275
2.646090	3.071275
2.648148	3.074839
2.650205	3.071275
2.654320	3.071275
2.652263	3.067712
2.654320	3.064148
2.658435	3.064148
2.660493	3.067712
2.662550	3.064148
2.666665	3.064148
2.664608	3.060584
2.666665	3.057021
2.662550	3.057021
2.660493	3.053457
2.662550	3.049893
2.666665	3.049893
2.664608	3.046330
2.666665	3.042766
2.662550	3.042766
2.660493	3.039202
2.658435	3.042765
2.654320	3.042765
2.652263	3.039201
2.654320	3.035638
2.650205	3.035638
2.648148	3.032074
2.650206	3.028510
2.654320	3.028510
2.652263	3.024947
2.654321	3.021383
2.658436	3.021383
2.660494	3.024947
2.662551	3.021383
2.666666	3.021383
2.664609	3.017819
2.666667	3.014255
2.662551	3.014255
2.660494	3.010691
2.662552	3.007127
2.666667	3.007127
2.664609	3.003564
2.666667	3.000000
2.670782	3.000000
2.672840	3.003564
2.674898	3.000000
2.679013	3.000000
2.681071	3.003564
2.679013	3.007127
2.683128	3.007127
2.685186	3.010691
2.687243	3.007127
2.691358	3.007127
2.689301	3.003564
2.691358	3.000000
2.695473	3.000000
2.697531	3.003564
2.699589	3.000000
2.703704	3.000000
2.705762	3.003564
2.703704	3.007127
2.707819	3.007127
2.709877	3.010691
2.707819	3.014255
2.703704	3.014255
2.705762	3.017819
2.703704	3.021383
2.707819	3.021383
2.709877	3.024947
2.711934	3.021383
2.716049	3.021383
2.718107	3.024947
2.716049	3.028511
2.720164	3.028510
2.722222	3.032074
2.724280	3.028510
2.728395	3.028510
2.726337	3.024947
2.728395	3.021383
2.732510	3.021383
2.734568	3.024947
2.736625	3.021383
2.740740	3.021383
2.738683	3.017819
2.740741	3.014255
2.736625	3.014255
2.734568	3.010691
2.736626	3.007127
2.740741	3.007127
2.738683	3.003564
2.740741	3.000000
2.744856	3.000000
2.746914	3.003564
2.748972	3.000000
2.753087	3.000000
2.755144	3.003564
2.753087	3.007127
2.757202	3.007127
2.759259	3.010691
2.761317	3.007127
2.765431	3.007127
2.763374	3.003564
2.765432	3.000000
2.769547	3.000000
2.771605	3.003564
2.773663	3.000000
2.777778	3.000000
2.779836	3.003564
2.777778	3.007128
2.781893	3.007127
2.783951	3.010691
2.781893	3.014255
2.777778	3.014255
2.779836	3.017819
2.777778	3.021383
2.781893	3.021383
2.783951	3.024947
2.786008	3.021383
2.790123	3.021383
2.792181	3.024947
2.790123	3.028510
2.794238	3.028510
2.796296	3.032074
2.794239	3.035638
2.790124	3.035638
2.792181	3.039201
2.790124	3.042765
2.786009	3.042765
2.783951	3.039202
2.781894	3.042766
2.777779	3.042766
2.779837	3.046330
2.777779	3.049893
2.781894	3.049893
2.783952	3.053457
2.781895	3.057021
2.777780	3.057021
2.779837	3.060584
2.777780	3.064148
2.781895	3.064148
2.783952	3.067712
2.786010	3.064148
2.790125	3.064148
2.792183	3.067712
2.790125	3.071275
2.794240	3.071275
2.796298	3.074839
2.798355	3.071275
2.802470	3.071275
2.800413	3.067712
2.802470	3.064148
2.806585	3.064148
2.808643	3.067712
2.810700	3.064148
2.814815	3.064148
2.816873	3.067712
2.814815	3.071275
2.818930	3.071275
2.820988	3.074839
2.818930	3.078403
2.814815	3.078403
2.816873	3.081967
2.814815	3.085531
2.818930	3.085531
2.820987	3.089095
2.823045	3.085531
2.827160	3.085531
2.829218	3.089095
2.827160	3.092659
2.831275	3.092658
2.833333	3.096222
2.835391	3.092658
2.839505	3.092658
2.837448	3.089095
2.839506	3.085531
2.843621	3.085531
2.845679	3.089095
2.847736	3.085531
2.851851	3.085531
2.849794	3.081967
2.851851	3.078403
2.847736	3.078403
2.845679	3.074839
2.847737	3.071275
2.851852	3.071275
2.849794	3.067712
2.851852	3.064148
2.855967	3.064148
2.858025	3.067712
2.860082	3.064148
2.864197	3.064148
2.866254	3.067712
2.864197	3.071275
2.868312	3.071275
2.870369	3.074839
2.872427	3.071275
2.876542	3.071275
2.874484	3.067712
2.876542	3.064148
2.880657	3.064148
2.882715	3.067712
2.884772	3.064148
2.888887	3.064148
2.886830	3.060584
2.888887	3.057021
2.884772	3.057021
2.882715	3.053457
2.884772	3.049893
2.888887	3.049893
2.886830	3.046330
2.888887	3.042766
2.884772	3.042766
2.882715	3.039202
2.880657	3.042765
2.876542	3.042765
2.874485	3.039201
2.876542	3.035638
2.872427	3.035638
2.870370	3.032074
2.872428	3.028510
2.876543	3.028511
2.874485	3.024947
2.876543	3.021383
2.880658	3.021383
2.882715	3.024947
2.884773	3.021383
2.888888	3.021383
2.886831	3.017819
2.888888	3.014255
2.884773	3.014255
2.882716	3.010691
2.884774	3.007127
2.888889	3.007128
2.886831	3.003564
2.888889	3.000000
2.893004	3.000000
2.895062	3.003564
2.897120	3.000000
2.901235	3.000000
2.903293	3.003564
2.901235	3.007127
2.905350	3.007127
2.907408	3.010691
2.909465	3.007127
2.913580	3.007127
2.911523	3.003564
2.913580	3.000000
2.917695	3.000000
2.919753	3.003564
2.921811	3.000000
2.925926	3.000000
2.927984	3.003564
2.925926	3.007128
2.930041	3.007127
2.932099	3.010691
2.930041	3.014255
2.925926	3.014255
2.927984	3.017819
2.925926	3.021383
2.930041	3.021383
2.932099	3.024947
2.934156	3.021383
2.938271	3.021383
2.940329	3.024947
2.938271	3.028510
2.942386	3.028510
2.944444	3.032074
2.946502	3.028510
2.950617	3.028511
2.948559	3.024947
2.950617	3.021383
2.954732	3.021383
2.956789	3.024947
2.958847	3.021383
2.962962	3.021383
2.960905	3.017819
2.962962	3.014255
2.958847	3.014255
2.956790	3.010691
2.958848	3.007127
2.962963	3.007128
2.960905	3.003564
2.962963	3.000000
2.967078	3.000000
2.969136	3.003564
2.971194	3.000000
2.975309	3.000000
2.977367	3.003564
2.975309	3.007128
2.979424	3.007127
2.981482	3.010691
2.983539	3.007127
2.987654	3.007127
2.985597	3.003564
2.987654	3.000000
2.991769	3.000000
2.993827	3.003564
2.995885	3.000000
3.000000	3.000000
2.997942	2.996436
3.000000	2.992873
2.995885	2.992873
2.993827	2.989309
2.995884	2.985745
3.000000	2.985744
2.997942	2.982181
2.999999	2.978617
2.995884	2.978617
2.993826	2.975053
2.991769	2.978617
2.987654	2.978617
2.985596	2.975053
2.987654	2.971490
2.983539	2.971490
2.981481	2.967926
2.983538	2.964362
2.987653	2.964362
2.985596	2.960799
2.987653	2.957235
2.991768	2.957235
2.993826	2.960798
2.995883	2.957234
2.999998	2.957234
2.997941	2.953670
2.999998	2.950107
2.995883	2.950107
2.993826	2.946543
2.995883	2.942979
2.999998	2.942979
2.997941	2.939416
2.999998	2.935852
2.995883	2.935852
2.993825	2.932288
2.991768	2.935852
2.987653	2.935852
2.985596	2.932288
2.987653	2.928725
2.983538	2.928725
2.981481	2.925161
2.979423	2.928725
2.975308	2.928725
2.977366	2.932288
2.975308	2.935852
2.971193	2.935852
2.969136	2.932288
2.967078	2.935852
2.962963	2.935852
2.960905	2.932288
2.962963	2.928725
2.958848	2.928725
2.956790	2.925161
2.958847	2.921597
2.962962	2.921597
2.960905	2.918033
2.962962	2.914469
2.958847	2.914469
2.956789	2.910905
2.954732	2.914469
2.950617	2.914469
2.948559	2.910905
2.950617	2.907341
2.946502	2.907342
2.944444	2.903778
2.946501	2.900214
2.950616	2.900214
2.948559	2.896651
2.950616	2.893087
2.954731	2.893087
2.956789	2.896650
2.958846	2.893086
2.962961	2.893086
2.960904	2.889523
2.962961	2.885959
2.958846	2.885959
2.956789	2.882396
2.958846	2.878832
2.962961	2.878832
2.960904	2.875268
2.962961	2.871704
2.967076	2.871704
2.969134	2.875267
2.971191	2.871703
2.975306	2.871703
2.977364	2.875267
2.975306	2.878830
2.979421	2.878830
2.981479	2.882394
2.983536	2.878830
2.987651	2.878830
2.985594	2.875267
2.987651	2.871703
2.991766	2.871703
2.993824	2.875266
2.995881	2.871702
2.999996	2.871702
2.997938	2.868138
2.999996	2.864575
2.995881	2.864575
2.993823	2.861011
2.995880	2.857447
2.999995	2.857447
2.997938	2.853884
2.999995	2.850320
2.995880	2.850320
2.993823	2.846757
2.991766	2.850320
2.987651	2.850320
2.985593	2.846756
2.987651	2.843193
2.983536	2.843193
2.981478	2.839629
2.983535	2.836065
2.987650	2.836065
2.985593	2.832502
2.987650	2.828938
2.991765	2.828938
2.993823	2.832501
2.995880	2.828937
2.999995	2.828937
2.997938	2.825373
2.999995	2.821810
2.995880	2.821810
2.993823	2.818246
2.995880	2.814682
2.999995	2.814682
2.997938	2.811119
2.999995	2.807555
2.995880	2.807555
2.993822	2.803991
2.991765	2.807555
2.987650	2.807555
2.985592	2.803991
2.987650	2.800428
2.983535	2.800428
2.981477	2.796864
2.979420	2.800428
2.975305	2.800428
2.977362	2.803991
2.975305	2.807555
2.971190	2.807555
2.969132	2.803991
2.967075	2.807555
2.962960	2.807555
2.960902	2.803991
2.962960	2.800428
2.958845	2.800428
2.956787	2.796864
2.958845	2.793300
2.962960	2.793300
2.960902	2.789737
2.962960	2.786173
2.958845	2.786173
2.956787	2.782609
2.954730	2.786173
2.950615	2.786173
2.948557	2.782609
2.950615	2.779046
2.946500	2.779046
2.944442	2.775482
2.942384	2.779046
2.938269	2.779046
2.940327	2.782609
2.938269	2.786173
2.934154	2.786173
2.932097	2.782610
2.930040	2.786173
2.925925	2.786173
2.927982	2.789737
2.925925	2.793300
2.930040	2.793300
2.932097	2.796864
2.930039	2.800428
2.925925	2.800428
2.927982	2.803991
2.925924	2.807555
2.921809	2.807555
2.919751	2.803991
2.917694	2.807555
2.913579	2.807555
2.911522	2.803991
2.913579	2.800428
2.909464	2.800428
2.907407	2.796864
2.905349	2.800428
2.901234	2.800427
2.903292	2.803991
2.901234	2.807555
2.897119	2.807555
2.895061	2.803991
2.893004	2.807555
2.888889	2.807555
2.886831	2.803991
2.888889	2.800427
2.884774	2.800428
2.882716	2.796864
2.884773	2.793300
2.888888	2.793299
2.886831	2.789736
2.888888	2.786172
2.884773	2.786172
2.882715	2.782608
2.880658	2.786172
2.876543	2.786172
2.874485	2.782608
2.876543	2.779044
2.872428	2.779045
2.870370	2.775481
2.872427	2.771917
2.876542	2.771917
2.874485	2.768354
2.876542	2.764790
2.880657	2.764790
2.882715	2.768353
2.884772	2.764789
2.888887	2.764789
2.886830	2.761225
2.888887	2.757662
2.884772	2.757662
2.882715	2.754098
2.884772	2.750534
2.888887	2.750534
2.886830	2.746971
2.888887	2.743407
2.884772	2.743407
2.882715	2.739843
2.880657	2.743407
2.876542	2.743407
2.874484	2.739843
2.876542	2.736279
2.872427	2.736280
2.870369	2.732716
2.868312	2.736280
2.864197	2.736280
2.866254	2.739843
2.864197	2.743407
2.860082	2.743407
2.858024	2.739843
2.855967	2.743407
2.851852	2.743407
2.849794	2.739843
2.851852	2.736280
2.847737	2.736280
2.845679	2.732716
2.847736	2.729152
2.851851	2.729151
2.849794	2.725588
2.851851	2.722024
2.847736	2.722024
2.845678	2.718460
2.843621	2.722024
2.839506	2.722024
2.837448	2.718460
2.839506	2.714897
2.835391	2.714897
2.833333	2.711333
2.835390	2.707769
2.839505	2.707769
2.837448	2.704206
2.839505	2.700642
2.843620	2.700642
2.845678	2.704205
2.847735	2.700641
2.851850	2.700641
2.849793	2.697077
2.851850	2.693514
2.847735	2.693514
2.845678	2.689950
2.847735	2.686386
2.851850	2.686386
2.849793	2.682823
2.851850	2.679259
2.855965	2.679259
2.858023	2.682823
2.860080	2.679259
2.864195	2.679259
2.866253	2.682823
2.864195	2.686386
2.868310	2.686386
2.870368	2.689950
2.872425	2.686386
2.876540	2.686386
2.874483	2.682822
2.876540	2.679258
2.880655	2.679258
2.882713	2.682822
2.884770	2.679258
2.888885	2.679258
2.886827	2.675694
2.888885	2.672131
2.884770	2.672131
2.882712	2.668567
2.884770	2.665003
2.888885	2.665004
2.886827	2.661440
2.888885	2.657876
2.884770	2.657876
2.882712	2.654312
2.880655	2.657876
2.876540	2.657876
2.874482	2.654312
2.876540	2.650749
2.872425	2.650749
2.870367	2.647185
2.872424	2.643621
2.876539	2.643621
2.874482	2.640058
2.876539	2.636494
2.880654	2.636494
2.882712	2.640057
2.884769	2.636493
2.888884	2.636493
2.886827	2.632930
2.888884	2.629366
2.884769	2.629366
2.882712	2.625803
2.884769	2.622239
2.888884	2.622239
2.886827	2.618675
2.888884	2.615111
2.892999	2.615111
2.895056	2.618675
2.897114	2.615111
2.901229	2.615111
2.903286	2.618675
2.901229	2.622238
2.905344	2.622238
2.907401	2.625801
2.909459	2.622237
2.913574	2.622237
2.911516	2.618674
2.913574	2.615110
2.917689	2.615110
2.919746	2.618673
2.921803	2.615110
2.925918	2.615110
2.927976	2.618673
2.925919	2.622237
2.930033	2.622236
2.932091	2.625800
2.930034	2.629364
2.925919	2.629364
2.927977	2.632927
2.925920	2.636491
2.930035	2.636491
2.932092	2.640054
2.934149	2.636491
2.938264	2.636491
2.940322	2.640054
2.938265	2.643618
2.942379	2.643618
2.944437	2.647181
2.946494	2.643617
2.950609	2.643617
2.948552	2.640054
2.950609	2.636490
2.954724	2.636490
2.956781	2.640054
2.958838	2.636490
2.962953	2.636490
2.960896	2.632926
2.962953	2.629363
2.958838	2.629363
2.956781	2.625799
2.958838	2.622235
2.962953	2.622235
2.960896	2.618672
2.962953	2.615108
2.967068	2.615108
2.969126	2.618672
2.971183	2.615108
2.975298	2.615108
2.977355	2.618671
2.975298	2.622235
2.979413	2.622235
2.981470	2.625798
2.983527	2.622234
2.987642	2.622234
2.985585	2.618671
2.987642	2.615107
2.991757	2.615107
2.993814	2.618671
2.995872	2.615107
2.999987	2.615107
2.997929	2.611543
2.999987	2.607980
2.995872	2.607980
2.993814	2.604416
2.995871	2.600852
2.999986	2.600852
2.997929	2.597289
2.999986	2.593725
2.995871	2.593725
2.993814	2.590162
2.991757	2.593725
2.987642	2.593725
2.985584	2.590161
2.987642	2.586597
2.983527	2.586598
2.981469	2.583034
2.983526	2.579470
2.987641	2.579470
2.985584	2.575907
2.987641	2.572343
2.991756	2.572343
2.993813	2.575906
2.995870	2.572343
2.999985	2.572343
2.997928	2.568780
2.999985	2.565216
2.995870	2.565216
2.993813	2.561653
2.995870	2.558089
2.999985	2.558089
2.997928	2.554526
2.999985	2.550962
2.995870	2.550962
2.993813	2.547399
2.991756	2.550962
2.987641	2.550962
2.985583	2.547399
2.987640	2.543835
2.983526	2.543835
2.981468	2.540272
2.979411	2.543835
2.975296	2.543835
2.977353	2.547399
2.975296	2.550962
2.971181	2.550962
2.969124	2.547399
2.967067	2.550962
2.962952	2.550962
2.960894	2.547398
2.962952	2.543835
2.958837	2.543835
2.956779	2.540271
2.958836	2.536707
2.962951	2.536707
2.960894	2.533144
2.962951	2.529580
2.958836	2.529580
2.956779	2.526017
2.954722	2.529580
2.950607	2.529580
2.948549	2.526016
2.950607	2.522453
2.946492	2.522453
2.944434	2.518889
2.946491	2.515325
2.950606	2.515325
2.948549	2.511762
2.950606	2.508198
2.954721	2.508198
2.956779	2.511761
2.958836	2.508197
2.962951	2.508197
2.960894	2.504633
2.962951	2.501070
2.958836	2.501070
2.956779	2.497506
2.958836	2.493942
2.962951	2.493942
2.960894	2.490379
2.962951	2.486815
2.967066	2.486815
2.969124	2.490379
2.971181	2.486815
2.975296	2.486815
2.977353	2.490378
2.975296	2.493942
2.979411	2.493942
2.981468	2.497505
2.983525	2.493941
2.987640	2.493941
2.985583	2.490378
2.987640	2.486814
2.991755	2.486814
2.993813	2.490378
2.995870	2.486814
2.999985	2.486814
2.997928	2.483250
2.999985	2.479687
2.995870	2.479687
2.993813	2.476123
2.995870	2.472559
2.999985	2.472559
2.997928	2.468996
2.999985	2.465432
2.995870	2.465432
2.993812	2.461868
2.991755	2.465432
2.987640	2.465432
2.985583	2.461868
2.987640	2.458305
2.983525	2.458305
2.981468	2.454741
2.983525	2.451177
2.987640	2.451177
2.985583	2.447614
2.987640	2.444050
2.991755	2.444050
2.993813	2.447613
2.995870	2.444049
2.999985	2.444049
2.997928	2.440485
2.999985	2.436922
2.995870	2.436922
2.993813	2.433358
2.995870	2.429794
2.999985	2.429794
2.997928	2.426231
2.999985	2.422667
2.995870	2.422667
2.993812	2.419103
2.991755	2.422667
2.987640	2.422667
2.985582	2.419103
2.987640	2.415540
2.983525	2.415540
2.981467	2.411976
2.979410	2.415540
2.975295	2.415540
2.977352	2.419103
2.975295	2.422667
2.971180	2.422667
2.969122	2.419103
2.967065	2.422667
2.962950	2.422667
2.960892	2.419103
2.962950	2.415540
2.958835	2.415540
2.956777	2.411976
2.958835	2.408412
2.962950	2.408412
2.960892	2.404849
2.962950	2.401285
2.958835	2.401285
2.956777	2.397721
2.954720	2.401285
2.950605	2.401285
2.948547	2.397721
2.950605	2.394158
2.946490	2.394158
2.944432	2.390594
2.942374	2.394158
2.938259	2.394157
2.940317	2.397721
2.938259	2.401285
2.934144	2.401285
2.932087	2.397722
2.930030	2.401285
2.925915	2.401285
2.927972	2.404849
2.925915	2.408412
2.930030	2.408412
2.932087	2.411976
2.930029	2.415540
2.925915	2.415540
2.927972	2.419103
2.925914	2.422667
2.921799	2.422667
2.919741	2.419103
2.917684	2.422667
2.913569	2.422667
2.911512	2.419103
2.913569	2.415540
2.909454	2.415540
2.907397	2.411976
2.905339	2.415540
2.901224	2.415540
2.903282	2.419103
2.901224	2.422667
2.897109	2.422667
2.895051	2.419103
2.892994	2.422667
2.888879	2.422667
2.886821	2.419103
2.888879	2.415540
2.884764	2.415540
2.882706	2.411976
2.884764	2.408412
2.888879	2.408412
2.886821	2.404849
2.888879	2.401285
2.884764	2.401285
2.882706	2.397721
2.880649	2.401285
2.876534	2.401285
2.874476	2.397721
2.876534	2.394158
2.872419	2.394158
2.870361	2.390594
2.872418	2.387030
2.876533	2.387030
2.874476	2.383467
2.876533	2.379903
2.880648	2.379903
2.882705	2.383466
2.884762	2.379903
2.888877	2.379903
2.886820	2.376340
2.888877	2.372776
2.884762	2.372777
2.882705	2.369213
2.884762	2.365649
2.888877	2.365649
2.886820	2.362086
2.888877	2.358522
2.884762	2.358522
2.882705	2.354959
2.880648	2.358522
2.876533	2.358522
2.874475	2.354959
2.876532	2.351395
2.872418	2.351395
2.870360	2.347832
2.868303	2.351395
2.864188	2.351395
2.866245	2.354959
2.864188	2.358522
2.860073	2.358522
2.858016	2.354959
2.855959	2.358522
2.851844	2.358522
2.849786	2.354958
2.851844	2.351394
2.847729	2.351395
2.845671	2.347831
2.847729	2.344267
2.851844	2.344268
2.849786	2.340704
2.851844	2.337140
2.847729	2.337140
2.845671	2.333576
2.843614	2.337140
2.839499	2.337140
2.837441	2.333576
2.839499	2.330013
2.835384	2.330013
2.833326	2.326449
2.831268	2.330013
2.827153	2.330013
2.829211	2.333576
2.827153	2.337140
2.823038	2.337140
2.820981	2.333577
2.818924	2.337140
2.814809	2.337140
2.816866	2.340704
2.814809	2.344267
2.818924	2.344267
2.820981	2.347831
2.818923	2.351395
2.814808	2.351394
2.816866	2.354958
2.814808	2.358522
2.810693	2.358522
2.808636	2.354959
2.806579	2.358522
2.802464	2.358522
2.800406	2.354959
2.802464	2.351395
2.798349	2.351395
2.796291	2.347832
2.794234	2.351395
2.790119	2.351395
2.792176	2.354959
2.790119	2.358522
2.786004	2.358522
2.783947	2.354959
2.781890	2.358522
2.777775	2.358522
2.779832	2.362086
2.777775	2.365649
2.781890	2.365649
2.783947	2.369213
2.781890	2.372777
2.777775	2.372777
2.779832	2.376340
2.777775	2.379903
2.781890	2.379903
2.783947	2.383466
2.786004	2.379903
2.790119	2.379903
2.792176	2.383467
2.790119	2.387030
2.794234	2.387030
2.796291	2.390594
2.794233	2.394158
2.790118	2.394157
2.792176	2.397721
2.790118	2.401285
2.786003	2.401285
2.783946	2.397722
2.781889	2.401285
2.777774	2.401285
2.779831	2.404849
2.777774	2.408412
2.781889	2.408412
2.783946	2.411976
2.781888	2.415540
2.777773	2.415540
2.779831	2.419103
2.777773	2.422667
2.773658	2.422667
2.771600	2.419103
2.769543	2.422667
2.765428	2.422667
2.763370	2.419103
2.765428	2.415540
2.761313	2.415540
2.759255	2.411976
2.757198	2.415540
2.753083	2.415540
2.755140	2.419103
2.753083	2.422667
2.748968	2.422667
2.746910	2.419103
2.744853	2.422667
2.740738	2.422667
2.738680	2.419103
2.740738	2.415540
2.736623	2.415540
2.734565	2.411976
2.736622	2.408412
2.740737	2.408412
2.738680	2.404849
2.740737	2.401285
2.736622	2.401285
2.734565	2.397722
2.732508	2.401285
2.728393	2.401285
2.726335	2.397721
2.728393	2.394157
2.724278	2.394158
2.722220	2.390594
2.720162	2.394158
2.716048	2.394158
2.718105	2.397721
2.716047	2.401285
2.711932	2.401285
2.709874	2.397721
2.707817	2.401285
2.703702	2.401285
2.705760	2.404849
2.703702	2.408412
2.707817	2.408412
2.709875	2.411976
2.707817	2.415540
2.703702	2.415540
2.705760	2.419103
2.703702	2.422667
2.699587	2.422667
2.697529	2.419103
2.695472	2.422667
2.691357	2.422667
2.689299	2.419103
2.691357	2.415540
2.687242	2.415540
2.685184	2.411976
2.683127	2.415540
2.679012	2.415540
2.681069	2.419103
2.679012	2.422667
2.674897	2.422667
2.672839	2.419103
2.670782	2.422667
2.666667	2.422667
2.664609	2.419103
2.666667	2.415540
2.662552	2.415540
2.660494	2.411976
2.662551	2.408412
2.666667	2.408412
2.664609	2.404848
2.666666	2.401284
2.662551	2.401284
2.660493	2.397720
2.658436	2.401284
2.654321	2.401284
2.652263	2.397720
2.654321	2.394157
2.650206	2.394157
2.648148	2.390593
2.650205	2.387029
2.654320	2.387029
2.652263	2.383466
2.654320	2.379902
2.658435	2.379902
2.660493	2.383465
2.662550	2.379901
2.666665	2.379901
2.664608	2.376337
2.666665	2.372774
2.662550	2.372774
2.660493	2.369210
2.662550	2.365646
2.666665	2.365646
2.664608	2.362083
2.666665	2.358519
2.662550	2.358519
2.660492	2.354955
2.658435	2.358519
2.654320	2.358519
2.652263	2.354955
2.654320	2.351392
2.650205	2.351392
2.648148	2.347828
2.646090	2.351392
2.641975	2.351392
2.644033	2.354955
2.641975	2.358519
2.637860	2.358519
2.635803	2.354955
2.633745	2.358519
2.629630	2.358519
2.627572	2.354955
2.629630	2.351392
2.625515	2.351392
2.623457	2.347828
2.625514	2.344264
2.629629	2.344264
2.627572	2.340700
2.629629	2.337136
2.625514	2.337136
2.623456	2.333573
2.621399	2.337137
2.617284	2.337137
2.615226	2.333573
2.617284	2.330009
2.613169	2.330009
2.611111	2.326445
2.613168	2.322881
2.617283	2.322881
2.615226	2.319318
2.617283	2.315754
2.621398	2.315754
2.623456	2.319317
2.625513	2.315753
2.629628	2.315753
2.627571	2.312189
2.629628	2.308626
2.625513	2.308626
2.623456	2.305062
2.625513	2.301498
2.629628	2.301498
2.627571	2.297935
2.629628	2.294371
2.633743	2.294371
2.635801	2.297934
2.637858	2.294370
2.641973	2.294370
2.644031	2.297934
2.641973	2.301497
2.646088	2.301497
2.648146	2.305061
2.650203	2.301497
2.654318	2.301497
2.652261	2.297934
2.654318	2.294370
2.658433	2.294370
2.660491	2.297933
2.662548	2.294369
2.666663	2.294369
2.664605	2.290805
2.666663	2.287242
2.662548	2.287242
2.660490	2.283678
2.662547	2.280114
2.666662	2.280114
2.664605	2.276551
2.666662	2.272987
2.662547	2.272987
2.660490	2.269424
2.658433	2.272987
2.654318	2.272987
2.652260	2.269423
2.654318	2.265859
2.650203	2.265860
2.648145	2.262296
2.650202	2.258732
2.654317	2.258732
2.652260	2.255169
2.654317	2.251605
2.658432	2.251605
2.660490	2.255168
2.662547	2.251604
2.666662	2.251604
2.664605	2.248040
2.666662	2.244477
2.662547	2.244477
2.660490	2.240913
2.662547	2.237349
2.666662	2.237349
2.664605	2.233786
2.666662	2.230222
2.662547	2.230222
2.660489	2.226658
2.658432	2.230222
2.654317	2.230222
2.652259	2.226658
2.654317	2.223095
2.650202	2.223095
2.648144	2.219531
2.646087	2.223095
2.641972	2.223095
2.644029	2.226658
2.641972	2.230222
2.637857	2.230222
2.635799	2.226658
2.633742	2.230222
2.629627	2.230222
2.627569	2.226658
2.629627	2.223095
2.625512	2.223095
2.623454	2.219531
2.625512	2.215967
2.629627	2.215967
2.627569	2.212404
2.629627	2.208840
2.625512	2.208840
2.623454	2.205276
2.621397	2.208840
2.617282	2.208840
2.615224	2.205276
2.617282	2.201713
2.613167	2.201713
2.611109	2.198149
2.609051	2.201713
2.604936	2.201712
2.606994	2.205276
2.604936	2.208840
2.600821	2.208840
2.598764	2.205277
2.596707	2.208840
2.592592	2.208840
2.594649	2.212404
2.592592	2.215967
2.596707	2.215967
2.598764	2.219531
2.596706	2.223095
2.592592	2.223095
2.594649	2.226658
2.592591	2.230222
2.588476	2.230222
2.586418	2.226658
2.584361	2.230222
2.580246	2.230222
2.578189	2.226658
2.580246	2.223095
2.576131	2.223095
2.574074	2.219531
2.572016	2.223095
2.567901	2.223094
2.569959	2.226658
2.567901	2.230222
2.563786	2.230222
2.561728	2.226658
2.559671	2.230222
2.555556	2.230222
2.553498	2.226658
2.555556	2.223094
2.551441	2.223095
2.549383	2.219531
2.551440	2.215967
2.555555	2.215967
2.553498	2.212403
2.555555	2.208839
2.551440	2.208839
2.549382	2.205275
2.547325	2.208839
2.543210	2.208839
2.541152	2.205275
2.543210	2.201711
2.539095	2.201712
2.537037	2.198148
2.539094	2.194584
2.543209	2.194584
2.541152	2.191021
2.543209	2.187457
2.547324	2.187457
2.549382	2.191020
2.551439	2.187456
2.555554	2.187456
2.553496	2.183892
2.555554	2.180329
2.551439	2.180329
2.549381	2.176765
2.551439	2.173201
2.555553	2.173201
2.553496	2.169638
2.555554	2.166074
2.551439	2.166074
2.549381	2.162510
2.547324	2.166074
2.543209	2.166074
2.541151	2.162510
2.543209	2.158947
2.539094	2.158947
2.537036	2.155383
2.534979	2.158947
2.530864	2.158947
2.532921	2.162510
2.530864	2.166074
2.526749	2.166074
2.524691	2.162510
2.522634	2.166074
2.518519	2.166074
2.516461	2.162510
2.518519	2.158947
2.514404	2.158947
2.512346	2.155383
2.514403	2.151819
2.518518	2.151819
2.516461	2.148255
2.518518	2.144691
2.514403	2.144691
2.512345	2.141127
2.510288	2.144691
2.506173	2.144691
2.504115	2.141127
2.506173	2.137564
2.502058	2.137564
2.500000	2.134000
2.497942	2.137564
2.493828	2.137564
2.495885	2.141127
2.493827	2.144691
2.489712	2.144691
2.487654	2.141127
2.485597	2.144691
2.481482	2.144691
2.483539	2.148255
2.481482	2.151819
2.485597	2.151819
2.487654	2.155383
2.485596	2.158947
2.481482	2.158947
2.483539	2.162510
2.481481	2.166074
2.477366	2.166074
2.475308	2.162510
2.473251	2.166074
2.469136	2.166074
2.467079	2.162510
2.469136	2.158947
2.465021	2.158947
2.462964	2.155383
2.460906	2.158947
2.456791	2.158947
2.458849	2.162510
2.456791	2.166074
2.452676	2.166074
2.450619	2.162510
2.448561	2.166074
2.444446	2.166074
2.446504	2.169638
2.444446	2.173201
2.448561	2.173201
2.450619	2.176765
2.448561	2.180329
2.444447	2.180329
2.446504	2.183892
2.444446	2.187456
2.448561	2.187456
2.450618	2.191020
2.452676	2.187457
2.456791	2.187457
2.458848	2.191021
2.456791	2.194584
2.460906	2.194584
2.462963	2.198148
2.460905	2.201712
2.456790	2.201711
2.458848	2.205275
2.456790	2.208839
2.452675	2.208839
2.450617	2.205275
2.448560	2.208839
2.444445	2.208839
2.446502	2.212403
2.444444	2.215967
2.448560	2.215967
2.450617	2.219531
2.448559	2.223095
2.444444	2.223094
2.446502	2.226658
2.444444	2.230222
2.440329	2.230222
2.438272	2.226658
2.436214	2.230222
2.432099	2.230222
2.430041	2.226658
2.432099	2.223094
2.427984	2.223095
2.425926	2.219531
2.423869	2.223095
2.419754	2.223095
2.421811	2.226658
2.419754	2.230222
2.415639	2.230222
2.413581	2.226658
2.411524	2.230222
2.407409	2.230222
2.405351	2.226658
2.407409	2.223095
2.403294	2.223095
2.401236	2.219531
2.403293	2.215967
2.407408	2.215967
2.405351	2.212404
2.407408	2.208840
2.403293	2.208840
2.401236	2.205277
2.399179	2.208840
2.395064	2.208840
2.393006	2.205276
2.395064	2.201712
2.390949	2.201713
2.388891	2.198149
2.386833	2.201713
2.382719	2.201713
2.384776	2.205276
2.382718	2.208840
2.378603	2.208840
2.376545	2.205276
2.374488	2.208840
2.370373	2.208840
2.372431	2.212404
2.370373	2.215967
2.374488	2.215967
2.376546	2.219531
2.374488	2.223095
2.370373	2.223095
2.372431	2.226658
2.370373	2.230222
2.366258	2.230222
2.364200	2.226658
2.362143	2.230222
2.358028	2.230222
2.355971	2.226658
2.358028	2.223095
2.353913	2.223095
2.351856	2.219531
2.349798	2.223095
2.345684	2.223095
2.347741	2.226658
2.345683	2.230222
2.341568	2.230222
2.339510	2.226658
2.337453	2.230222
2.333338	2.230222
2.335395	2.233786
2.333338	2.237349
2.337453	2.237349
2.339510	2.240913
2.337453	2.244477
2.333338	2.244477
2.335395	2.248040
2.333338	2.251604
2.337453	2.251604
2.339510	2.255168
2.341568	2.251605
2.345683	2.251605
2.347740	2.255169
2.345683	2.258732
2.349798	2.258732
2.351855	2.262296
2.349797	2.265860
2.345682	2.265859
2.347740	2.269423
2.345682	2.272987
2.341567	2.272987
2.339510	2.269424
2.337453	2.272987
2.333338	2.272987
2.335395	2.276551
2.333338	2.280114
2.337453	2.280114
2.339510	2.283678
2.337452	2.287242
2.333338	2.287242
2.335395	2.290805
2.333337	2.294369
2.337452	2.294369
2.339509	2.297933
2.341567	2.294370
2.345682	2.294370
2.347739	2.297934
2.345682	2.301497
2.349797	2.301497
2.351854	2.305061
2.353912	2.301497
2.358027	2.301497
2.355969	2.297934
2.358027	2.294370
2.362142	2.294370
2.364199	2.297934
2.366257	2.294371
2.370372	2.294371
2.372429	2.297935
2.370372	2.301498
2.374487	2.301498
2.376544	2.305062
2.374487	2.308626
2.370372	2.308626
2.372429	2.312189
2.370372	2.315753
2.374487	2.315753
2.376544	2.319317
2.378602	2.315754
2.382717	2.315754
2.384774	2.319318
2.382717	2.322881
2.386832	2.322881
2.388889	2.326445
2.386831	2.330009
2.382716	2.330009
2.384774	2.333573
2.382716	2.337137
2.378601	2.337137
2.376544	2.333573
2.374486	2.337136
2.370371	2.337136
2.372428	2.340700
2.370371	2.344264
2.374486	2.344264
2.376543	2.347828
2.374485	2.351392
2.370370	2.351392
2.372428	2.354955
2.370370	2.358519
2.366255	2.358519
2.364197	2.354955
2.362140	2.358519
2.358025	2.358519
2.355967	2.354955
2.358025	2.351392
2.353910	2.351392
2.351852	2.347828
2.349795	2.351392
2.345680	2.351392
2.347737	2.354955
2.345680	2.358519
2.341565	2.358519
2.339507	2.354955
2.337450	2.358519
2.333335	2.358519
2.335392	2.362083
2.333335	2.365646
2.337450	2.365646
2.339507	2.369210
2.337450	2.372774
2.333335	2.372774
2.335392	2.376337
2.333335	2.379901
2.337450	2.379901
2.339507	2.383465
2.341565	2.379902
2.345680	2.379902
2.347737	2.383466
2.345680	2.387029
2.349795	2.387029
2.351852	2.390593
2.349794	2.394157
2.345680	2.394157
2.347737	2.397720
2.345679	2.401284
2.341564	2.401284
2.339506	2.397720
2.337449	2.401284
2.333334	2.401284
2.335391	2.404848
2.333333	2.408412
2.337449	2.408412
2.339506	2.411976
2.337448	2.415540
2.333333	2.415540
2.335391	2.419103
2.333333	2.422667
2.329218	2.422667
2.327160	2.419103
2.325103	2.422667
2.320988	2.422667
2.318931	2.419103
2.320988	2.415540
2.316873	2.415540
2.314816	2.411976
2.312758	2.415540
2.308644	2.415540
2.310701	2.419103
2.308643	2.422667
2.304528	2.422667
2.302470	2.419103
2.300413	2.422667
2.296298	2.422667
2.294240	2.419103
2.296298	2.415540
2.292183	2.415540
2.290125	2.411976
2.292183	2.408412
2.296298	2.408412
2.294240	2.404849
2.296298	2.401285
2.292183	2.401285
2.290125	2.397721
2.288068	2.401285
2.283953	2.401285
2.281895	2.397721
2.283953	2.394158
2.279838	2.394158
2.277780	2.390594
2.275722	2.394158
2.271607	2.394157
2.273665	2.397721
2.271607	2.401285
2.267492	2.401285
2.265435	2.397722
2.263378	2.401285
2.259263	2.401285
2.261320	2.404849
2.259263	2.408412
2.263378	2.408412
2.265435	2.411976
2.263377	2.415540
2.259263	2.415540
2.261320	2.419103
2.259262	2.422667
2.255147	2.422667
2.253089	2.419103
2.251032	2.422667
2.246917	2.422667
2.244860	2.419103
2.246917	2.415540
2.242802	2.415540
2.240745	2.411976
2.238687	2.415540
2.234572	2.415540
2.236630	2.419103
2.234572	2.422667
2.230457	2.422667
2.228400	2.419103
2.226342	2.422667
2.222227	2.422667
2.220169	2.419103
2.222227	2.415540
2.218112	2.415540
2.216054	2.411976
2.218111	2.408412
2.222226	2.408412
2.220169	2.404849
2.222226	2.401285
2.218111	2.401285
2.216054	2.397722
2.213997	2.401285
2.209882	2.401285
2.207824	2.397721
2.209882	2.394157
2.205767	2.394158
2.203709	2.390594
2.205766	2.387030
2.209881	2.387030
2.207824	2.383467
2.209881	2.379903
2.213996	2.379903
2.216053	2.383466
2.218110	2.379903
2.222225	2.379903
2.220168	2.376339
2.222225	2.372776
2.218110	2.372776
2.216053	2.369212
2.218110	2.365648
2.222225	2.365648
2.220168	2.362085
2.222225	2.358521
2.218110	2.358521
2.216053	2.354958
2.213996	2.358521
2.209881	2.358521
2.207823	2.354958
2.209880	2.351394
2.205766	2.351394
2.203708	2.347831
2.201651	2.351395
2.197536	2.351395
2.199593	2.354958
2.197536	2.358522
2.193421	2.358522
2.191364	2.354959
2.189307	2.358522
2.185192	2.358522
2.183134	2.354958
2.185192	2.351394
2.181077	2.351395
2.179019	2.347831
2.181076	2.344267
2.185191	2.344267
2.183134	2.340704
2.185191	2.337140
2.181076	2.337140
2.179019	2.333577
2.176962	2.337140
2.172847	2.337140
2.170789	2.333576
2.172847	2.330013
2.168732	2.330013
2.166674	2.326449
2.164616	2.330013
2.160501	2.330013
2.162559	2.333576
2.160501	2.337140
2.156386	2.337140
2.154328	2.333576
2.152271	2.337140
2.148156	2.337140
2.150214	2.340704
2.148156	2.344268
2.152271	2.344267
2.154329	2.347831
2.152271	2.351395
2.148156	2.351394
2.150214	2.354958
2.148156	2.358522
2.144041	2.358522
2.141984	2.354958
2.139926	2.358522
2.135811	2.358522
2.133754	2.354958
2.135811	2.351395
2.131696	2.351395
2.129639	2.347831
2.127581	2.351395
2.123466	2.351395
2.125524	2.354958
2.123466	2.358522
2.119351	2.358522
2.117294	2.354959
2.115237	2.358522
2.111122	2.358522
2.113179	2.362086
2.111122	2.365649
2.115237	2.365649
2.117294	2.369213
2.115237	2.372777
2.111122	2.372777
2.113179	2.376340
2.111122	2.379903
2.115237	2.379903
2.117294	2.383466
2.119351	2.379903
2.123466	2.379903
2.125524	2.383467
2.123466	2.387030
2.127581	2.387030
2.129639	2.390594
2.127581	2.394158
2.123466	2.394158
2.125524	2.397721
2.123466	2.401285
2.119351	2.401285
2.117293	2.397721
2.115236	2.401285
2.111121	2.401285
2.113179	2.404849
2.111121	2.408412
2.115236	2.408412
2.117294	2.411976
2.115236	2.415540
2.111121	2.415540
2.113179	2.419103
2.111121	2.422667
2.107006	2.422667
2.104949	2.419103
2.102891	2.422667
2.098776	2.422667
2.096718	2.419103
2.098776	2.415540
2.094661	2.415540
2.092603	2.411976
2.090546	2.415540
2.086431	2.415540
2.088488	2.419103
2.086431	2.422667
2.082316	2.422667
2.080258	2.419103
2.078201	2.422667
2.074086	2.422667
2.072028	2.419103
2.074086	2.415540
2.069971	2.415540
2.067913	2.411976
2.069970	2.408412
2.074085	2.408412
2.072028	2.404849
2.074085	2.401285
2.069970	2.401285
2.067913	2.397722
2.065856	2.401285
2.061741	2.401285
2.059683	2.397721
2.061741	2.394157
2.057626	2.394158
2.055568	2.390594
2.053510	2.394158
2.049396	2.394158
2.051453	2.397721
2.049395	2.401285
2.045280	2.401285
2.043222	2.397721
2.041165	2.401285
2.037050	2.401285
2.039108	2.404849
2.037050	2.408412
2.041165	2.408412
2.043223	2.411976
2.041165	2.415540
2.037050	2.415540
2.039108	2.419103
2.037050	2.422667
2.032935	2.422667
2.030877	2.419103
2.028820	2.422667
2.024705	2.422667
2.022648	2.419103
2.024705	2.415540
2.020590	2.415540
2.018533	2.411976
2.016475	2.415540
2.012361	2.415540
2.014418	2.419103
2.012360	2.422667
2.008245	2.422667
2.006187	2.419103
2.004130	2.422667
2.000015	2.422667
2.002072	2.426231
2.000015	2.429794
2.004130	2.429794
2.006187	2.433358
2.004130	2.436922
2.000015	2.436922
2.002072	2.440485
2.000015	2.444049
2.004130	2.444049
2.006187	2.447613
2.008245	2.444050
2.012360	2.444050
2.014417	2.447614
2.012360	2.451177
2.016475	2.451177
2.018532	2.454741
2.016475	2.458305
2.012360	2.458305
2.014417	2.461868
2.012360	2.465432
2.008245	2.465432
2.006187	2.461868
2.004130	2.465432
2.000015	2.465432
2.002072	2.468996
2.000015	2.472559
2.004130	2.472559
2.006187	2.476123
2.004130	2.479687
2.000015	2.479687
2.002072	2.483250
2.000015	2.486814
2.004130	2.486814
2.006188	2.490378
2.008245	2.486814
2.012360	2.486814
2.014417	2.490378
2.012360	2.493941
2.016475	2.493941
2.018532	2.497505
2.020589	2.493942
2.024704	2.493942
2.022647	2.490378
2.024704	2.486815
2.028819	2.486815
2.030877	2.490379
2.032934	2.486815
2.037049	2.486815
2.039106	2.490379
2.037049	2.493942
2.041164	2.493942
2.043221	2.497506
2.041164	2.501070
2.037049	2.501070
2.039106	2.504633
2.037049	2.508197
2.041164	2.508197
2.043221	2.511761
2.045279	2.508198
2.049394	2.508198
2.051451	2.511762
2.049394	2.515325
2.053509	2.515325
2.055566	2.518889
2.053508	2.522453
2.049393	2.522453
2.051451	2.526016
2.049393	2.529580
2.045278	2.529580
2.043221	2.526017
2.041164	2.529580
2.037049	2.529580
2.039106	2.533144
2.037049	2.536707
2.041164	2.536707
2.043221	2.540271
2.041163	2.543835
2.037049	2.543835
2.039106	2.547398
2.037048	2.550962
2.032933	2.550962
2.030876	2.547399
2.028819	2.550962
2.024704	2.550962
2.022647	2.547399
2.024704	2.543835
2.020589	2.543835
2.018532	2.540272
2.016474	2.543835
2.012360	2.543835
2.014417	2.547399
2.012359	2.550962
2.008244	2.550962
2.006187	2.547399
2.004130	2.550962
2.000015	2.550962
2.002072	2.554526
2.000015	2.558089
2.004130	2.558089
2.006187	2.561653
2.004130	2.565216
2.000015	2.565216
2.002072	2.568780
2.000015	2.572343
2.004130	2.572343
2.006187	2.575906
2.008244	2.572343
2.012359	2.572343
2.014416	2.575907
2.012359	2.579470
2.016474	2.579470
2.018531	2.583034
2.016473	2.586598
2.012358	2.586597
2.014416	2.590161
2.012358	2.593725
2.008243	2.593725
2.006186	2.590162
2.004129	2.593725
2.000014	2.593725
2.002071	2.597289
2.000014	2.600852
2.004129	2.600852
2.006186	2.604416
2.004128	2.607980
2.000013	2.607980
2.002071	2.611543
2.000013	2.615107
2.004128	2.615107
2.006186	2.618671
2.008243	2.615107
2.012358	2.615107
2.014415	2.618671
2.012358	2.622234
2.016473	2.622234
2.018530	2.625798
2.020587	2.622235
2.024702	2.622235
2.022645	2.618671
2.024702	2.615108
2.028817	2.615108
2.030874	2.618672
2.032932	2.615108
2.037047	2.615108
2.039104	2.618672
2.037047	2.622235
2.041162	2.622235
2.043219	2.625799
2.041161	2.629362
2.037047	2.629362
2.039104	2.632926
2.037046	2.636489
2.041161	2.636489
2.043218	2.640053
2.045276	2.636490
2.049391	2.636490
2.051448	2.640054
2.049391	2.643617
2.053506	2.643617
2.055563	2.647181
2.057621	2.643618
2.061735	2.643618
2.059678	2.640054
2.061736	2.636491
2.065851	2.636491
2.067908	2.640054
2.069965	2.636491
2.074080	2.636491
2.072023	2.632927
2.074081	2.629364
2.069966	2.629364
2.067909	2.625800
2.069967	2.622236
2.074081	2.622237
2.072024	2.618673
2.074082	2.615110
2.078197	2.615110
2.080254	2.618673
2.082311	2.615110
2.086426	2.615110
2.088483	2.618674
2.086426	2.622237
2.090541	2.622237
2.092598	2.625801
2.094656	2.622238
2.098770	2.622238
2.096713	2.618675
2.098771	2.615111
2.102886	2.615111
2.104944	2.618675
2.107001	2.615111
2.111116	2.615111
2.113173	2.618675
2.111115	2.622239
2.115231	2.622239
2.117288	2.625803
2.115231	2.629366
2.111116	2.629366
2.113173	2.632930
2.111116	2.636493
2.115231	2.636493
2.117288	2.640057
2.119346	2.636494
2.123461	2.636494
2.125518	2.640058
2.123461	2.643621
2.127576	2.643621
2.129633	2.647185
2.127575	2.650749
2.123461	2.650749
2.125518	2.654312
2.123460	2.657876
2.119345	2.657876
2.117287	2.654312
2.115230	2.657876
2.111115	2.657876
2.113173	2.661440
2.111115	2.665004
2.115230	2.665003
2.117288	2.668567
2.115230	2.672131
2.111115	2.672131
2.113173	2.675694
2.111115	2.679258
2.115230	2.679258
2.117288	2.682822
2.119345	2.679258
2.123460	2.679258
2.125517	2.682822
2.123460	2.686385
2.127575	2.686385
2.129632	2.689949
2.131690	2.686386
2.135804	2.686386
2.133747	2.682822
2.135805	2.679259
2.139920	2.679259
2.141978	2.682823
2.144035	2.679259
2.148150	2.679259
2.150207	2.682823
2.148150	2.686386
2.152265	2.686386
2.154322	2.689950
2.152265	2.693514
2.148150	2.693514
2.150207	2.697077
2.148150	2.700641
2.152265	2.700641
2.154322	2.704205
2.156380	2.700642
2.160495	2.700642
2.162552	2.704206
2.160495	2.707769
2.164610	2.707769
2.166667	2.711333
2.164609	2.714897
2.160495	2.714897
2.162552	2.718460
2.160494	2.722024
2.156379	2.722024
2.154321	2.718460
2.152264	2.722024
2.148149	2.722024
2.150206	2.725588
2.148149	2.729152
2.152264	2.729152
2.154321	2.732716
2.152263	2.736280
2.148149	2.736280
2.150206	2.739843
2.148148	2.743407
2.144033	2.743407
2.141975	2.739843
2.139918	2.743407
2.135803	2.743407
2.133746	2.739843
2.135803	2.736280
2.131688	2.736280
2.129631	2.732716
2.127573	2.736280
2.123458	2.736279
2.125516	2.739843
2.123458	2.743407
2.119343	2.743407
2.117285	2.739843
2.115228	2.743407
2.111113	2.743407
2.113170	2.746971
2.111113	2.750534
2.115228	2.750534
2.117285	2.754098
2.115228	2.757662
2.111113	2.757662
2.113170	2.761225
2.111113	2.764789
2.115228	2.764789
2.117285	2.768353
2.119343	2.764790
2.123458	2.764790
2.125515	2.768354
2.123458	2.771917
2.127573	2.771917
2.129630	2.775481
2.127572	2.779045
2.123457	2.779044
2.125515	2.782608
2.123457	2.786172
2.119342	2.786172
2.117285	2.782608
2.115227	2.786172
2.111112	2.786172
2.113169	2.789736
2.111112	2.793300
2.115227	2.793300
2.117284	2.796864
2.115226	2.800428
2.111111	2.800427
2.113169	2.803991
2.111111	2.807555
2.106996	2.807555
2.104939	2.803991
2.102881	2.807555
2.098766	2.807555
2.096708	2.803991
2.098766	2.800427
2.094651	2.800428
2.092593	2.796864
2.090536	2.800428
2.086421	2.800428
2.088478	2.803991
2.086421	2.807555
2.082306	2.807555
2.080248	2.803991
2.078191	2.807555
2.074076	2.807555
2.072018	2.803991
2.074076	2.800428
2.069961	2.800428
2.067903	2.796864
2.069960	2.793300
2.074075	2.793300
2.072018	2.789737
2.074075	2.786173
2.069960	2.786173
2.067903	2.782610
2.065846	2.786173
2.061731	2.786173
2.059673	2.782609
2.061731	2.779046
2.057616	2.779046
2.055558	2.775482
2.053500	2.779046
2.049385	2.779046
2.051443	2.782609
2.049385	2.786173
2.045270	2.786173
2.043212	2.782609
2.041155	2.786173
2.037040	2.786173
2.039098	2.789737
2.037040	2.793300
2.041155	2.793300
2.043213	2.796864
2.041155	2.800428
2.037040	2.800428
2.039098	2.803991
2.037040	2.807555
2.032925	2.807555
2.030867	2.803991
2.028810	2.807555
2.024695	2.807555
2.022638	2.803991
2.024695	2.800428
2.020580	2.800428
2.018523	2.796864
2.016465	2.800428
2.012351	2.800428
2.014408	2.803991
2.012350	2.807555
2.008235	2.807555
2.006177	2.803991
2.004120	2.807555
2.000005	2.807555
2.002062	2.811119
2.000005	2.814682
2.004120	2.814682
2.006177	2.818246
2.004120	2.821810
2.000005	2.821810
2.002062	2.825373
2.000005	2.828937
2.004120	2.828937
2.006177	2.832501
2.008235	2.828938
2.012350	2.828938
2.014407	2.832502
2.012350	2.836065
2.016465	2.836065
2.018522	2.839629
2.016464	2.843193
2.012349	2.843193
2.014407	2.846756
2.012349	2.850320
2.008234	2.850320
2.006177	2.846757
2.004120	2.850320
2.000005	2.850320
2.002062	2.853884
2.000005	2.857447
2.004120	2.857447
2.006177	2.861011
2.004119	2.864575
2.000005	2.864575
2.002062	2.868138
2.000004	2.871702
2.004119	2.871702
2.006176	2.875266
2.008234	2.871703
2.012349	2.871703
2.014406	2.875267
2.012349	2.878830
2.016464	2.878830
2.018521	2.882394
2.020579	2.878830
2.024694	2.878830
2.022636	2.875267
2.024694	2.871703
2.028809	2.871703
2.030866	2.875267
2.032924	2.871704
2.037039	2.871704
2.039096	2.875268
2.037039	2.878832
2.041154	2.878832
2.043211	2.882396
2.041154	2.885959
2.037039	2.885959
2.039096	2.889523
2.037039	2.893086
2.041154	2.893086
2.043211	2.896650
2.045269	2.893087
2.049384	2.893087
2.051441	2.896651
2.049384	2.900214
2.053499	2.900214
2.055556	2.903778
2.053498	2.907342
2.049383	2.907341
2.051441	2.910905
2.049383	2.914469
2.045268	2.914469
2.043211	2.910905
2.041153	2.914469
2.037038	2.914469
2.039095	2.918033
2.037038	2.921597
2.041153	2.921597
2.043210	2.925161
2.041152	2.928725
2.037037	2.928725
2.039095	2.932288
2.037037	2.935852
2.032922	2.935852
2.030864	2.932288
2.028807	2.935852
2.024692	2.935852
2.022634	2.932288
2.024692	2.928725
2.020577	2.928725
2.018519	2.925161
2.016462	2.928725
2.012347	2.928725
2.014404	2.932288
2.012347	2.935852
2.008232	2.935852
2.006174	2.932288
2.004117	2.935852
2.000002	2.935852
2.002059	2.939416
2.000002	2.942979
2.004117	2.942979
2.006174	2.946543
2.004117	2.950107
2.000002	2.950107
2.002059	2.953670
2.000002	2.957234
2.004117	2.957234
2.006174	2.960798
2.008232	2.957235
2.012347	2.957235
2.014404	2.960799
2.012347	2.964362
2.016462	2.964362
2.018519	2.967926
2.016461	2.971490
2.012347	2.971490
2.014404	2.975053
2.012346	2.978617
2.008231	2.978617
2.006173	2.975053
2.004116	2.978617
2.000001	2.978617
2.002058	2.982181
2.000000	2.985745
2.004116	2.985745
2.006173	2.989309
2.004115	2.992873
2.000000	2.992873
2.002058	2.996436
2.000000	3.000000
